126320968.56493763626
378924427.10416352749
631412461.59220814705
883708161.72770774364
1135734675.7964642048
1387415234.0810263157
1638673172.2449462414
1889431954.6863770485
2139615197.851241827
2389146693.4999060631
79703142.877899006009
239085150.28432160616
398394330.0379216671
557582155.01918756962
716600135.07461023331
875399831.78712999821
1033932873.2306057215
1192150968.7049372196
1350005923.4456830025
1507449653.3043348789
50289283.376964613795
150852531.52804353833
251369828.53669282794
351810555.86045026779
452144118.28082406521
552339953.22281563282
652367540.06435954571
752196409.43355751038
851796152.48981964588
951136430.18649160862
31730392.69534149766
95181512.70104894042
158603639.49595311284
221977454.08581018448
285283652.19280695915
348502950.13578170538
411616090.70408403873
474603849.02373331785
537447038.41342198849
600126516.2288390398
20020524.314366381615
60055474.497461587191
100072131.2012604177
140058304.96445676684
180001815.611184448
219890495.96118593216
259712195.53596717119
299454784.26009321213
339106156.15607696772
378654233.03189772367
12632096.856493772939
37892442.710416384041
63141246.159220866859
88370816.172770828009
113573467.57964651287
138741523.40810272098
163867317.22449478507
188943195.46863782406
213961519.78512442112
238914669.34999075532
7970314.2877898979932
23908515.028432153165
39839433.003792144358
55758215.50191873312
71660013.507460996509
87539983.178712949157
103393287.32306052744
119215096.87049366534
135000592.34456825256
150744965.33043342829
5028928.3376964572817
15085253.152804344893
25136982.853669263422
35181055.586044989526
45214411.828082367778
55233995.322281517088
65236754.006435900927
75219640.943355679512
85179615.248981893063
95113643.018649086356
3173039.2695341478102
9518151.2701048888266
15860363.949595304206
22197745.408581010997
28528365.219280682504
34850295.013578154147
41161609.070408396423
47460384.902373306453
53744703.841342173517
60012651.622883871198
2002052.4314366390463
6005547.4497461616993
10007213.120126048103
14005830.496445683762
18000181.561118453741
21989049.596118606627
25971219.553596731275
29945478.426009334624
33910615.615607716143
37865423.303189791739
1263209.6856493772939
3789244.2710416391492
6314124.6159220868722
8837081.6172770839185
11357346.757964652032
13874152.340810276568
16386731.722449479625
18894319.546863786876
21396151.978512443602
23891466.934999082237
797031.42877899005543
2390851.5028432165273
3983943.3003792171367
5575821.5501918764785
7166001.3507461044937
8753998.3178713023663
10339328.732306057587
11921509.687049373984
13500059.234456831589
15074496.533043351024
502892.83376964495983
1508525.3152804321144
2513698.285366922617
3518105.5586044932716
4521441.1828082306311
5523399.5322281438857
6523675.4006435805932
7521964.0943355569616
8517961.5248981751502
9511364.301864894107
317303.92695341521176
951815.12701049004681
1586036.3949595324229
2219774.5408581038937
2852836.52192807151
3485029.5013578194194
4116160.9070408442058
4746038.4902373366058
5374470.3841342236847
6001265.1622883938253
200205.24314366350882
600554.74497461516876
1000721.3120126029244
1400583.0496445656754
1800018.1561118422542
2198904.9596118563786
2597121.9553596680053
2994547.8426009276882
3391061.5615607653745
3786542.3303189720027
126320.96856493770611
378924.42710416385671
631412.46159220859408
883708.16172770829871
1135734.6757964652497
1387415.2340810273308
1638673.1722449478693
1889431.9546863783617
2139615.1978512438945
2389146.6934999078512
79703.142877899037558
239085.15028432171675
398394.33003792178351
557582.1550191877177
716600.13507461047266
875399.83178713021334
1033932.8732306060847
1192150.9687049377244
1350005.9234456834383
1507449.6533043354284
50289.283376964493073
150852.53152804321144
251369.82853669225005
351810.55586044938536
452144.11828082299326
552339.95322281448171
652367.54006435803603
752196.40943355567288
851796.15248981746845
951136.43018648936413
31730.3926953415139
95181.512701048981398
158603.63949595321901
221977.4540858103428
285283.65219280711608
348502.95013578189537
411616.0907040843158
474603.8490237336373
537447.03841342229862
600126.51622883940581
20020.524314366361068
60055.474497461524152
100072.13120126031572
140058.30496445661993
180001.81561118428363
219890.49596118569025
259712.19553596692276
299454.78426009294344
339106.15615607664222
378654.23303189733997
12632.096856493770247
37892.442710416384216
63141.246159220849222
88370.81617277082114
113573.46757964648714
138741.52340810268652
163867.31722449473455
188943.19546863783034
213961.51978512434289
238914.66934999075602
7970.3142877899072118
23908.515028432182589
39839.433003792197269
55758.215501918799418
71660.013507461088011
87539.983178713082452
103393.28732306064921
119215.09687049381319
135000.59234456843114
150744.96533043362433
5028.9283376964558556
15085.25315280434188
25136.982853669258475
35181.055586044989468
45214.411828082360444
55233.995322281516565
65236.754006435898191
75219.640943355683703
85179.615248981877812
95113.643018649076112
3173.0392695341492981
9518.1512701048923191
15860.363949595312079
22197.745408581016818
28528.365219280694873
34850.295013578172075
41161.609070408405387
47460.38490237332735
53744.703841342197848
60012.651622883902746
2002.0524314366298313
6005.5474497461336796
10007.213120125999922
14005.830496445620156
18000.181561118370155
21989.049596118504269
25971.219553596605692
29945.478426009191026
33910.615615607552172
37865.423303189614671
0
0
0
0
0
0
0
0
0
