0
0
0
0
0
0
0
0
0
0
0
0
0
0
0
0
0
0
0
0
0
0
0
0
0
0
0
0
0
0
4535.4436032300864099
13604.949269635553719
22670.310736700746929
31728.766607499208476
40777.557588625291828
49813.927330694627017
58835.123267935377953
67838.397456678634626
76821.007412397389999
85780.216945075881085
4506.8075594557494696
13519.049861128863995
22527.174129253653518
31528.43640190896258
40520.094807413159288
49499.410399517822952
58463.647991697973339
67410.076990348330582
76335.97222653744393
85238.614786102538346
1737.3897299956422557
5211.6399642457199661
8684.3026824769185623
12154.320077982734801
15620.635149851152164
19082.192024934662186
22537.936279472000024
25986.815260288167337
29427.77840543846105
32859.77756421291997
669.43216678452688484
2008.092584831036902
3346.1413184235780136
4683.1707849551239633
6018.7737122986382019
7352.5432628650751212
8684.0731575271747715
10012.957799380770666
11338.792397291879752
12661.173089197331137
257.73349013289634968
773.12196228102573059
1288.2749339901208714
1803.0354846742902737
2317.2468132834155767
2830.7522860658714308
3343.3954842795769764
3855.0202518404894363
4365.4707428886194975
4874.5914692591641142
99.103809733032164786
297.28124121866994756
495.36811795843414075
693.30410077063993413
891.02889643755747784
1088.4822760711565479
1285.6040934589836979
1482.3343033859853222
1678.6129799246143648
1874.3803346884551502
38.031848268459164331
114.0839599359944998
190.10132052418856574
266.060774408563816
341.9391836036632526
417.71343481104662487
493.36044645966114786
568.85717573698195793
644.18062560798136928
719.30785182009742584
14.549013448788290503
43.642608575937465787
72.722909741743336554
101.78105880474606693
130.80820437126075717
159.79550449157508751
188.73412935323045758
217.61526397077162187
246.43011087084053656
275.16989277191402152
5.5376518701159316294
16.611268787946976033
27.679825752389895399
38.73995117376313857
49.788276030726194676
60.821434896507525991
71.836066964022450065
82.828817069646746063
93.796336715218330937
104.73528508800016823
2.0905895709790764947
6.2711318991031435033
10.449763979701550909
14.625212960960714881
18.796206960674226139
22.961475453667251401
27.119749658801840297
31.269762925474775983
35.410251119446435553
39.539953007900010107
0.778700214323394313
2.335863443341919421
3.8923151457278191145
5.4475812112139223586
7.0011878906911393372
8.5526619405158204046
10.101530766661014127
11.647322568678708521
13.189566483412885844
14.727792728425905366
0.28351389612084093583
0.85045532728347039697
1.4171377015149484446
1.9833884018741676503
2.5490349429126442082
3.1139050232148171027
3.6778265778815120157
4.2406278309445877284
4.802137347690855762
5.3621840868816290637
0.099118182652587233372
0.29732435559920461499
0.49543996066689044433
0.69340464992303296743
0.89115812140564121258
1.0886401374917540341
1.28579054324597708
1.4825492847449630585
1.6788564273701720442
1.8746521740641426401
0.032014103919842780421
0.096032559953365598249
0.16002176353884792204
0.22396222294496173633
0.28783446128839385025
0.35161902246664350491
0.41529647708440248222
0.47884742837216404121
0.54225251809458741015
0.60549243244707651179
0.0085745655754138842136
0.025721084830508743335
0.042859769194001057224
0.059985398056597222238
0.07709275478585322916
0.094176628315198185337
0.11123181473123881779
0.12825311885898280084
0.14523535584431804257
0.16217335273333541301
3.4041255135741446973e-05
0.0001021133961111649627
0.00017015443235694855339
0.00023814363791428244622
0.00030606030261255635829
0.00037388373837782544647
0.00044159328553445176702
0.0005091683190984832609
0.00057658825506013886529
0.00064383255665376268751
0
0
0
0
0
0
0
0
0
0
0
0
0
0
0
0
0
0
0
0
0
0
0
0
0
0
0
0
0
0
0
0
0
0
0
0
0
0
0
0
0
0
0
0
0
0
0
0
0
0
0
0
0
0
0
0
0
0
0
0
0
0
0
0
0
0
0
0
0
