426.34032257121066323
1274.5555282813804752
2123.4094238801703796
2972.3657254526629004
3821.2573495680799169
4667.5861294468822962
0
0
0
0
204.51547621436131408
611.4043571015379257
1018.5996175634559222
1425.8440021765982237
1833.0573610100198039
2239.0413233220115217
0
0
0
0
97.993749592655547076
292.95487353176378065
488.06279948254979217
683.19426330862597752
878.31086110820308477
1072.8383926077567594
0
0
0
0
46.896175652162924052
140.1973418142624439
233.56876197678900553
326.9514464938143874
420.32701668168266451
513.42068157669802986
0
0
0
0
22.413196998446110797
67.004837751553921521
111.63005516053191002
156.26065616834142702
200.88785700846787563
245.38032620415319229
0
0
0
0
10.696789108342100505
31.978330387973763038
53.275896262705877859
74.576031481800086453
95.874543957086672208
117.10875520899547553
0
0
0
0
5.0972617182249573275
15.23839702254653794
25.387168408530410346
35.537164145160552664
45.686386607698317164
55.804968084325373923
0
0
0
0
2.4249275534083807315
7.2493842483366339735
12.077473667234457366
16.906145548203348028
21.734449558390515733
26.548176688851686578
0
0
0
0
1.1515323991039458917
3.442536179598423729
5.735265042288482995
8.0282705004360614964
10.321101266715734468
12.607009867729590979
0
0
0
0
0.5457550711730650983
1.6315490377644132902
2.718160586524670741
3.8049032244090574828
4.8915630691624158999
5.9749422360987569647
0
0
0
0
0.25809649428157943607
0.77158620989147841396
1.2854625734735696252
1.7994009312452949878
2.3133001347919885937
2.8256478521717838248
0
0
0
0
0.12176862473639048223
0.36403048365913004414
0.60647476114575604722
0.84894828717849035726
1.0914033404452616605
1.3331264103607416427
0
0
0
0
0.057299276343672059242
0.17129768301038783562
0.28538192830528041899
0.39947993675574561268
0.51356925268690178932
0.62731412754043724966
0
0
0
0
0.026884174559180951808
0.080370941929759548428
0.13389798381706996544
0.18743148322183106336
0.2409609041945180441
0.29432871729626847168
0
0
0
0
0.012572717949938042037
0.037586468650146309667
0.062619054228037901444
0.087654659744123439302
0.11268835793082333796
0.13764647819061673339
0
0
0
0
0.0058582741125257787457
0.017513463449285362333
0.029177428921545969787
0.040842801537895351283
0.052507285431662345521
0.064136553693102449358
0
0
0
0
0.0027183542660470412511
0.0081265910686616569386
0.013538900170544005547
0.018951862214924980465
0.02436441187456997795
0.02976062078905205438
0
0
0
0
0.0012553956547413562626
0.003753038094734195522
0.0062525612118960747013
0.0087523858722327371046
0.011252020084248484655
0.013744107781547956759
0
0
0
0
0.00057660220678499034177
0.0017237673552547977656
0.0028717962972241470147
0.0040199637377292879101
0.0051680437054749811532
0.0063126575651275768433
0
0
0
0
0.00026314598783226374407
0.00078668180272968785474
0.0013106118301206563966
0.0018346050645781006826
0.0023585583787830342005
0.0028809298529822251721
0
0
0
0
0.00011918937862139928837
0.00035631976004088441057
0.00059362869611946742377
0.00083096626121512107924
0.0010682857448263091173
0.0013048887496155472943
0
0
0
0
5.3498664012862342458e-05
0.00015993565319375276828
0.00026645278739952294638
0.00037298277186244678874
0.00047950464037348412057
0.00058570491429101674465
0
0
0
0
2.3748622785883695814e-05
7.0997128017984896292e-05
0.00011828121047428699403
0.00016557099729565084921
0.000212857181360133588
0.00026000060618320262364
0
0
0
0
1.0397317937408238241e-05
3.1083053501723112411e-05
5.1784365030786851753e-05
7.2488173971920028221e-05
9.3190405600167256525e-05
0.00011383013620530826198
0
0
0
0
4.4716991774836953904e-06
1.3368261470321476714e-05
2.2271522705057094905e-05
3.1175858031742579245e-05
4.0079514984564988624e-05
4.8956291373063172509e-05
0
0
0
0
0
0
0
0
0
0
0
0
0
