0
0
0
0
0
0
0
0
0
0
0
0
0
0
0
0
0
0
0
0
0
0
0
0
0
0
0
0
0
0
0
0
0
0
0
0
0
0
0
0
0
0
0
0
0
0
0
0
0
0
0
0
0
0
0
0
0
0
0
0
0
0
0
0
0
0
0
0
0
0
0
0
0
0
0
0
0
0
0
0
1.4217138511130744671
0
0
0
0
0
0
0
0
0
2.6455503323929536741
0
0
0
0
0
0
0
0
0
2.2396525302496925747
0
0
0
0
0
0
0
0
0
1.7139907351304162209
0
0
0
0
0
0
0
0
0
1.1857646244003905434
0
0
0
0
0
0
0
0
0
0.74156515563819414005
0
0
0
0
0
0
0
0
0
0.41923659904161020284
0
0
0
0
0
0
0
0
0
0.21425254740259647157
0
0
0
0
0
0
0
0
0
0.098979957430008411179
0
0
0
0
0
0
0
0
0
0.020551959563775965001
0
0
0
0
0
0
0
0
0
0
0
0
0
0
0
0
0
0
0
0
0
0
0
0
0
0
0
0
0
0
0
0
0
0
0
0
0
0
0
0
0
0
0
0
0
0
0
0
0
0
0
0
0
0
0
0
0
0
0
0
0
0
0
0
0
0
0
0
0
0
0
0
0
0
0
0
0
0
0
0
0
0
0
0
0
0
0
0
