201618386.32710540295
604793744.0678383112
1007784875.7754199505
1410469026.4470272064
1812723534.5896458626
2214425869.5836405754
2615453669.0058984756
3015684775.9040455818
3414997276.0061273575
3813269534.856089592
127212601.63533209264
381599054.71527683735
635869269.02656054497
889945791.39857971668
1143751227.6614327431
1397208266.2207365036
1650239701.6069400311
1902768457.9937627316
2154717612.6759200096
2406010419.500020504
80265725.312245875597
240772726.2193031311
401206385.42156028748
561517833.2721722126
721658237.35121881962
881578817.34041106701
1041230859.8817017078
1200565733.4164173603
1359534902.9987006187
1518089945.0794093609
50644248.895791254938
151917319.95858803391
253144115.53408443928
354293800.95968127251
455335565.06138181686
556238629.53909480572
656972258.34178626537
757505767.03033769131
857808532.12419676781
957850000.4293859005
31954360.796482395381
95853348.781618505716
159723138.90817308426
223544275.81931456923
287297318.97851753235
350962848.59128898382
414521471.52048879862
477953827.19389367104
541240593.50153553486
604362492.68127703667
20161838.632710553706
60479374.406783871353
100778487.57754208148
141046902.64470282197
181272353.45896473527
221442586.95836418867
261545366.90059006214
301568477.59040468931
341499727.60061311722
381326953.48560923338
12721260.163533205166
38159905.471527673304
63586926.902656011283
88994579.139857932925
114375122.76614321768
139720826.62207356095
165023970.1606939137
190276845.79937615991
215471761.26759195328
240601041.95000195503
8026572.5312245795503
24077272.621930301189
40120638.542156003416
56151783.327217161655
72165823.735121831298
88157881.734041035175
104123085.98817010224
120056573.3416416049
135953490.29986998439
151808994.507940799
5064424.8895791219547
15191731.995858795941
25314411.553408436477
35429380.0959681198
45533556.506138145924
55623862.95390945673
65697225.834178604186
75750576.703033730388
85780853.212419643998
95785000.042938530445
3195436.0796482404694
9585334.8781618569046
15972313.890817318112
22354427.581931471825
28729731.897851772606
35096284.859128929675
41452147.152048915625
47795382.719389379025
54124059.350153587759
60436249.268127739429
2016183.8632710552774
6047937.4406783878803
10077848.75775420852
14104690.264470281079
18127235.345896475017
22144258.695836424828
26154536.690059009939
30156847.759040478617
34149972.760061316192
38132695.348560936749
1272126.0163533210289
3815990.5471527697518
6358692.6902656052262
8899457.9139857981354
11437512.276614328846
13972082.662207366899
16502397.016069402918
19027684.579937629402
21547176.126759208739
24060104.195000205189
802657.25312245683745
2407727.2621930260211
4012063.8542155944742
5615178.3327217074111
7216582.3735121721402
8815788.1734040901065
10412308.598816992715
12005657.334164144471
13595349.029986973852
15180899.450794059783
506442.48895791295217
1519173.1995858815499
2531441.1553408461623
3542938.0095968162641
4553355.6506138201803
5562386.2953909514472
6569722.5834178682417
7575057.6703033829108
8578085.3212419748306
9578500.0042938664556
319543.60796482342994
958533.48781618394423
1597231.3890817288775
2235442.7581931427121
2872973.1897851722315
3509628.4859128855169
4145214.7152048829012
4779538.2719389293343
5412405.9350153468549
6043624.9268127623945
201618.3863271055161
604793.74406783876475
1007784.8757754208054
1410469.0264470279217
1812723.5345896473154
2214425.8695836416446
2615453.6690059006214
3015684.7759040468372
3414997.276006131433
3813269.5348560931161
127212.60163533213199
381599.05471527710324
635869.26902656059247
889945.79139857972041
1143751.227661433164
1397208.266220736783
1650239.7016069404781
1902768.457993763499
2154717.6126759210601
2406010.4195000207983
80265.725312245675013
240772.7262193026254
401206.38542155938921
561517.83327217074111
721658.23735121707432
881578.81734040915035
1041230.8598816994345
1200565.7334164141212
1359534.9029986972455
1518089.9450794057921
50644.24889579127921
151917.31995858810842
253144.11553408464533
354293.80095968150999
455335.56506138195982
556238.62953909509815
656972.25834178668447
757505.76703033829108
857808.53212419734336
957850.00042938638944
31954.360796482360456
95853.348781618406065
159723.1389081729285
223544.27581931438181
287297.31897851731628
350962.8485912886681
414521.47152048844146
477953.82719389314298
541240.59350153501146
604362.49268127640244
20161.838632710547245
60479.374406783863378
100778.48757754206599
141046.90264470278635
181272.35345896467334
221442.58695836414699
261545.36690059001558
301568.47759040468372
341499.72760061302688
381326.95348560926504
12721.260163533219384
38159.905471527716145
63586.926902656086895
88994.579139858033159
114375.12276614335133
139720.82662207377143
165023.97016069412348
190276.84579937643139
215471.76126759222825
240601.04195000225445
8026.5725312245795067
24077.272621930293099
40120.638542155989853
56151.78332721714105
72165.823735121812206
88157.881734041046002
104123.08598817008897
120056.5733416416042
135953.49029986993992
151808.99450794080622
5064.424889579124283
15191.731995858803202
25314.411553408444888
35429.380095968132082
45533.556506138171244
55623.862953909483622
65697.225834178636433
75750.576703033759259
85780.853212419679039
95785.000042938569095
3195.4360796482255864
9585.3348781618115027
15972.313890817240463
22354.427581931369787
28729.731897851641406
35096.284859128754761
41452.147152048710268
47795.382719389155682
54124.059350153322157
60436.249268127437972
0
0
0
0
0
0
0
0
0
