21017571.43788375333
63046312.15780185163
105055848.36029964685
147033383.53366905451
188966130.91406846046
230841317.38046237826
272646187.34534758329
314368006.64037781954
355994066.39526242018
397511686.90892809629
9722602.5419095121324
29164846.026815023273
48598205.617097467184
68016761.72315877676
87414599.264705464244
106785809.47252434492
126124491.68830916286
145424755.16212725639
164680720.84677481651
183886523.18855312467
4497617.646611571312
13491482.921932801604
22481238.56086242944
31464146.196741707623
40437469.548889160156
49398475.256091222167
58344433.709191247821
67272619.882586792111
76180314.164287686348
85064803.184318199754
2080570.9590529988054
6241079.1150911487639
10399686.177972774953
14555125.395698687062
18706130.981230281293
22851438.498057298362
26989785.245348520577
31119910.642597429454
35240556.61360206455
39350467.969678960741
962459.65214849740732
2887085.7819124576636
4810832.4773797076195
6733113.7466698978096
8653344.0442876573652
10570938.44948393479
12485312.844424394891
14395884.092124193907
16302070.214074769989
18203290.567516300827
445228.06491321953945
1335548.5739583268296
2225462.2619701903313
3114698.052618118003
4002985.0760664343834
4890052.751483364962
5775630.8694606674835
6659449.6743251988664
7541239.946307993494
8420733.0835494473577
205959.83358249385492
617816.76338711578865
1029485.500220746384
1440840.6457979734987
1851756.897356741596
2262109.085826467257
2671772.2139548663981
3080621.4943847907707
3488532.3876651525497
3895380.6401860304177
95275.78423789779481
285798.3307869132841
476233.8203958090744
666524.24456954549532
856611.63900161511265
1046438.1012303837342
1235945.808276332682
1425077.0342561742291
1613774.1679664787371
1801979.7304322258569
44074.006587845731701
132208.59439420196577
220302.91018198552774
308330.11956916563213
396263.40861506137298
484075.99198805965716
571741.12112449738197
659232.09237684600521
746522.25514779135119
833585.02000808902085
20388.371213561702461
61158.903145318858151
101910.80548272446322
142631.66480152946315
183309.07713353072177
223930.65174490839127
264484.01491047575837
304956.81368298071902
345336.71965588233434
385611.43271862197435
9431.5382903406152764
28291.741933098794107
47143.32763719871582
65980.553027004163596
84797.680101189034758
103588.97698057362868
122348.71965406993695
141071.19372233795002
159750.69613842354738
178381.53694492427167
4362.9730688340468987
13087.590202642870281
21808.220729694941838
30522.208261447827681
39226.898432888745447
47919.639711073104991
56597.784202788396215
65258.688461159079452
73899.714290855263243
82518.229551695243572
2018.2851845988407149
6054.2407645789126036
10088.352164173951678
14119.390553969897155
18146.128040625375434
22167.338040896778693
26181.795655258738407
30188.278041034714988
34185.564784881695232
38172.43827453191625
933.64662630378973063
2800.6554811051082652
4666.8112291166025898
6531.5454212184495191
8394.2900413124352781
10254.477679343723139
12111.541704135433974
13964.916435996628934
15814.037319031494917
17658.341093104831089
431.89933189828371951
1295.5664349747062261
2158.8388959647309093
3021.4537537135124694
3883.1482473794071666
4743.6598964728027568
5602.7265808083620868
6460.0866203524383309
7315.4788549322738618
8168.6427237861998947
199.79404159865660517
599.32126559556809298
998.66593052928351426
1397.7063921460849087
1796.3210988559410453
2194.3886287579884993
2591.7877266259629323
2988.3973408451315663
3384.0966602852936376
3778.7651511002236475
92.42352583153933665
277.24242439337729138
461.97687222706503007
646.57059743011848241
830.96737096571905568
1015.1110237904804308
1198.9454639636858246
1382.4146937340929071
1565.4628265971614383
1748.0341043182565954
42.75456894902035998
128.25068339121153826
213.70773143286231743
299.09968202924670777
384.40052396503875798
469.58427377751439735
554.62498367118246279
639.49674942203773753
724.17371826813268854
808.63009678440869266
19.778007272178300013
59.327997243937566907
98.859915333019046102
138.3617197341947076
177.82137781519807618
217.22686978194994367
256.5661923398191675
295.82736235008280801
334.99842048005734796
374.06743484594829852
9.1491875903311807861
27.444775839828739805
45.732004144744713869
64.005302038174050949
82.259103296568738983
100.48784763524921004
118.68598240208163475
136.84796426893453258
154.96826092020748433
173.04135273799155925
4.2323593277681670344
12.695788765655965591
21.155350943300145872
29.608468996106687143
38.052568022433078454
46.485075867921764825
54.903423908985097057
63.305047835262982403
71.687388430726187494
80.047892353221484996
1.9578640510416891463
5.8729957687700169444
9.7863385150947763691
13.696700247903679681
17.602889833134039321
21.50371740760071404
25.397994741431556776
29.284535600027634672
33.162156105396917383
37.029675096767199705
0.90569617215907238794
2.7168126326500345868
4.5271015256950075667
6.3360114197594183949
8.1429913033669958367
9.9474907529417997409
11.748960100468693213
13.546850600933963094
15.340614599476122493
17.129705698203281372
0.41896961938044696705
1.2567812359368741859
2.0942100247542474456
2.9310008969106338128
3.7668989578005525054
4.6016495847776930361
5.4349985047136408767
6.2666918714549053604
7.0964763431458832699
7.9240991593975698137
0.1938128341045540215
0.58137946504700077632
0.96876900217250294656
1.3558634428750921952
1.7425448744384257616
2.1286955099528430679
2.5141977241935653531
2.8989340894518562664
3.2827874113041568549
3.6656407643098707361
0
0
0
0
0
0
0
0
0
