370.39630640762845815
1111.0760929200619103
1851.4174348914668826
2591.1948171767858184
3330.1828964193027787
4068.1565696918396497
4804.8910430636979072
5540.1619000776954636
6273.7451701086756657
7005.4173965856543873
177.67912858006519627
532.98326295651827422
888.12504546800323624
1242.9962964870176165
1597.4889187929356922
1951.4949304991948793
2304.9064979448603481
2657.6159685430648096
3009.5159035725864669
3360.4991109040192896
85.135092738245830901
255.37934524081734367
425.54580672093874227
595.5826428259011891
765.43805868831520911
935.06031470319692289
1104.3977422879877395
1273.3987596219094485
1442.0118873580745458
1610.1857643042553718
40.742499188082788919
122.21508700433818717
203.65044692118013359
285.02377293904692124
366.31027795458669516
447.48520131098649699
528.52381634013283929
609.40143789488377024
690.0934298683025645
770.57521269789253893
19.472156264610319454
58.410537386413196259
97.331126092698426078
136.22206679509042715
175.07151293632270495
213.86763059878370541
252.59860210915928747
291.25262963834865104
329.81793879514879109
368.28278221277111015
9.2931654980616844597
27.876665705954891905
46.451674411429529243
65.012533486882574607
83.553589114844399433
102.06919351017197073
120.55370664037899076
139.00149794371043299
157.40694804424299491
175.76445046356460011
4.4284033511941078842
13.283861119025246467
22.135272494077206318
30.979941250694267296
39.81517321709667101
48.638277096044589598
57.446565284614301561
66.237354692899529596
75.007967561295615155
83.755732276153409543
2.1067306129331218045
6.3195501082475473709
10.530444607380776034
14.738131431073984601
18.941328877161677013
23.138756610987314843
27.329136055396613614
31.511190780219482832
35.683646891077778207
39.845233417417503574
1.0004292926470153002
3.0009831374877178334
5.0006228537938648415
6.9987393319357211752
8.9947239262786986558
10.987968640581168955
12.977866313191706027
14.963810802003511213
16.945197169088686451
18.921421864964202086
0.47414155280133452042
1.4222802302941868202
2.3699856674510955123
3.3169691840147033091
4.2629423196326303724
5.2076169217245551479
6.1507052332542508921
7.0919199803865264897
8.0309744599924446362
8.9675826269799863155
0.22422929082127135425
0.67261957004980388319
1.1208049628415541754
1.568648947583939135
2.0160151066610327852
2.4627671680073484062
2.9087690466166651326
3.3538848859964329741
3.7979790995504161266
4.2409164118787945341
0.1057902488947951164
0.31733852194982103967
0.52879013061696544806
0.74008066468772337743
0.95114576301868869468
1.161921133136418316
1.3723425708210881258
1.5823459796644709918
1.7918673905940611935
2.000842981358252004
0.049780513814714842658
0.14932637781743118843
0.24882675555892214136
0.34825133826018594974
0.44756984023022627905
0.54675200809128987611
0.64576762999412506971
0.74458654482115671502
0.84317865137373115836
0.94151391754103508358
0.023356455935212013658
0.070062253202912844197
0.11674670882958677887
0.16339560227777935597
0.20999472384266795744
0.25652987898043949633
0.30298689263198552712
0.34935161354092847397
0.39560991856417332402
0.4417477169738608378
0.010922936545332542421
0.032765482403719480009
0.054598047578763159171
0.076413981659601323826
0.098206639301386441931
0.11996938224950530472
0.14169558136160867456
0.16337861862698990767
0.18501188918246788684
0.20658880332424892079
0.0050895563434315907458
0.01526711870213191824
0.025440030548581200193
0.035605193115277676552
0.045759509995235682356
0.055899888085173342345
0.066023238527679939391
0.076126477652147889197
0.086206527914076125363
0.096260318832499636166
0.0023616541207712505625
0.0070842429795920968186
0.011804673909375463722
0.016521509021129456019
0.021233311521188021065
0.025938646148868552133
0.030636079613656070492
0.035324181031814151643
0.04000152236224009672
0.044666678841450722925
0.0010906636998162843114
0.0032716588727210340996
0.0054516574666402086227
0.0076299954328826668712
0.0098060092286027782799
0.011979036018920311696
0.014148413878821680667
0.01631348199479644781
0.018473580866124824501
0.020628052505763626312
0.0005009409533952203673
0.0015026702687188273587
0.0025039418561220391259
0.0035044507185791940775
0.0045038920913990634562
0.0055019615350583523164
0.0064983550279347785522
0.0074927690589185582185
0.0084849007198635820193
0.0094744477978541876556
0.00022861619410342621118
0.00068577894360303431106
0.0011427327981931997228
0.0015993385653029275773
0.0020554571583925101627
0.0025109496393202787416
0.0029656772606635279851
0.0034195015079839449768
0.0038722841420198842767
0.0043238872407944722517
0.00010354944927127511089
0.00031061680564853220337
0.00051758954513780712232
0.00072440462183753708166
0.00093099903787198393188
0.0011373098625808376796
0.0013432742516880601374
0.0015488294664455955207
0.0017539128927439432727
0.0019584620601846109908
4.6478614616137211364e-05
0.00013942168601217843856
0.00023232228821206608632
0.00032515212279236578672
0.00041788291288624083812
0.00051048641179678763257
0.00060293441160105386983
0.00069519875174277486179
0.000787251327610236128
0.00087906409909702597997
2.0632348610868540546e-05
6.1890761019360842547e-05
0.000103130320902503555
0.00014433846629083486868
0.00018550264478409464724
0.0002266103173747751969
0.00026764896226753583184
0.00030860607869360941495
0.00034946919071860663587
0.00039022585104272393495
9.0329906806282619404e-06
2.7096220505424232242e-05
4.515119655896997577e-05
6.3192419120646230093e-05
8.1214392659299089981e-05
9.9211627507218017518e-05
0.00011717864153230307873
0.00013510996180803952699
0.00015300012628058183572
0.00017084368543251229325
3.8849265974117254416e-06
1.1653596405961760268e-05
1.9418716416156778535e-05
2.7177921297214598269e-05
3.4928847520166617796e-05
4.2669134077805628423e-05
5.0396423203854823518e-05
5.8108361091193763454e-05
6.5802598608841238398e-05
7.3476792017507810929e-05
0
0
0
0
0
0
0
0
0
