67351.723882266524015
191996.58927084048628
327719.4879518559319
456238.26682306273142
600728.44338582630735
717965.29878129519057
877883.16588015807793
992333.52210390870459
1126629.1895018487703
1260585.0399276281241
31156.503678602315631
88816.471132241713349
151601.07037156447768
211053.08697725262027
277893.37640279100742
332126.44284637219971
406103.48942129779607
459047.53805375623051
521171.90865811362164
583139.08196843171027
14412.811811196253984
41085.967070261773188
70129.746270018513314
97631.892723068056512
128551.80988815710589
153639.70128504259628
187861.03952091021347
212352.63900633351295
241091.00039778032806
269756.64326343906578
6667.2803356822860223
19006.122046722965024
32441.600180282530346
45163.928247664160153
59467.296556100634916
71072.804708524388843
86903.390611511698808
98233.057700602483237
111527.25138708905433
124787.80591951063252
3084.2439113819377781
8792.1181126679857698
15007.28974841948002
20892.562439058474411
27509.214866503480152
32877.853360079505364
40200.987490737126791
45442.023562146998302
51591.83785971582256
57726.090886288780894
1426.7527426418187133
4067.1811281161835723
6942.2822654075189348
9664.7741285111296747
12725.597873068654735
15209.097853953757294
18596.735798894424079
21021.207664291821857
23866.07488877238211
26703.743562583709718
660.00726502978068311
1881.4536061646119833
3211.4581553719503972
4470.8665692683325688
5886.7852831465506824
7035.6374851408709219
8602.7384887887765217
9724.2846384458407556
11040.303160846291576
12352.991676864150577
305.31540390488686398
870.34915845742227702
1485.6012892324567929
2068.196071052982461
2723.1915793292587296
3254.6437203342329667
3979.5752494847870366
4498.3957743847158781
5107.1780530083851772
5714.4198906436349716
141.23707540915935965
402.61830275567632498
687.23024987181293
956.73510315003716187
1259.7320984274062994
1505.5786726764474679
1840.9276519274587827
2080.9309162957979424
2362.5499485949899281
2643.4563821282422396
65.335424334983244421
186.24881306390278723
317.90859348465113499
442.5799228665413807
582.74451634401305
696.47166768391821279
851.60209498988763244
962.62616621098936776
1092.9014421806430164
1222.8470742333695398
30.223775596216373884
86.157584318174826876
147.06260940964216388
204.73481894793189895
269.57411957109638934
322.1836179600704213
393.94602358862454139
445.30509332023746083
505.56965495305632885
565.68172528619709283
13.981337392207464632
39.85598197072259552
68.030281438167918395
94.709099812198502377
124.70337155370513926
149.04021010219946675
182.23706871356591819
205.99546646177719822
233.87349137297997004
261.68097472317265328
6.4676828562480981333
18.43713831372439671
31.470400335850992946
43.81186176992278547
57.687032054870783782
68.945107662366211798
84.301775433054174869
95.292267794226532374
108.18847498287055942
121.05205006830448156
2.9919113140292554753
8.5289096489734070872
14.558018522955672225
20.267104592410081665
26.685675181336620199
31.893593462568166075
38.997495906474163974
44.081631782180785706
50.047339911869798357
55.997952626250892649
1.3840402366619746211
3.9454224708073444283
6.7344520899939883662
9.3754410784175945537
12.344633352023404171
14.75378512623319871
18.040007807227777192
20.391898582746208035
23.151599397725078688
25.904317164083053626
0.64024871583496878458
1.8251287812651735276
3.115317162216165503
4.3370228349143751245
5.7105533796824312631
6.8250125470036424602
8.3451994575583174907
9.4331700301779815021
10.709791082135497575
11.983181817665995439
0.29617521750448938533
0.84429363213943753319
1.4411270421863251467
2.0062807619653253433
2.641667757338225897
3.1572098866977054143
3.8604392376442886459
4.3637279019001518066
4.954285146893966818
5.5433480668751462517
0.13700887997789007455
0.39056517248994898628
0.66665672982178203476
0.92809345236284157554
1.2220196671287288925
1.4605063653748038277
1.7858160470982906709
2.018634365849821144
2.2918226068551801333
2.5643195820685216191
0.063379486477498511721
0.1806731072643121272
0.30839140645257101525
0.4293304669257795303
0.56529897172009024864
0.67562148854520109875
0.82610779700287428895
0.93380815545706952197
1.0601833979187618162
1.186238864969366924
0.029318970469648670402
0.083578296242943994621
0.1426600157463631946
0.19860570006332142756
0.26150391521818833196
0.31253845009219832773
0.3821525141841088935
0.4319740543161859625
0.49043448382983456657
0.54874698715544256711
0.013562779965175599667
0.038662818770556078851
0.065993668004113784087
0.091873806161678908677
0.12097014340281245226
0.14457841327155906974
0.17678146196788419031
0.19982860774119973191
0.22687205195026835525
0.25384706639160148356
0.0062740606998528229699
0.017885188170619802789
0.030528275171231397667
0.042500271925440966103
0.055960063093843694093
0.066881107198027464622
0.081778044460140170147
0.092439515921847695279
0.10494965108119096164
0.11742813104023225312
0.0029023428652908932202
0.0082735808218433633254
0.014122197070063258542
0.019660370993640530896
0.025886789693548139385
0.030938799221930369382
0.037830033088761323701
0.042761965868932730328
0.048549079392459268401
0.054321549410106445555
0.0013426064092594064067
0.0038273088861330204456
0.0065328436987374966655
0.0090947697531366250567
0.011975073714877795122
0.014312103034728929432
0.017499946506966450321
0.019781429042983446343
0.02245851306386799362
0.025128823086723987151
0.0006210816756840205604
0.0017704901451133787764
0.003022054329110340689
0.0042071859625295963958
0.0055395973071352758166
0.0066206930594611438853
0.0080953703378511543409
0.0091507704809913065908
0.010389173499307780696
0.01162444290674794628
0
0
0
0
0
0
0
0
0
