201861754.16564700007 1730763.227834258927 3063313.8071395503357 4624710.6426880713552 9755907.4489734917879 13236991.690417863429 16775539.529244896024 27631723.648103237152 53117131.527299709618 58685253.30035084486 13240419.34359507449 
606161108.230712533 5169707.4978646785021 9282286.4305458758026 13852557.875713530928 29517134.522226978093 39930546.501252599061 50167535.154980584979 82973603.714070618153 159192109.52248755097 176226537.67994064093 39849089.33162946254 
1009904375.9744399786 8663695.8453879654408 15331892.661666462198 23186662.357232544571 49064032.458576016128 66238591.142979808152 83890400.125645920634 138232010.34384003282 265484239.42778465152 293270409.09551990032 66542442.515806727111 
1413138536.4080226421 12067758.703673820943 21531105.872639451176 32285266.902811381966 68761948.761379823089 92860971.743723034859 117386838.35995781422 193565220.46353563666 371348517.56590270996 410564095.93972051144 92766812.094678461552 
1818457314.8533222675 15610943.955622961745 27673460.366202224046 41676834.981713056564 88350180.162512883544 119454721.35910367966 150762502.22643736005 249459557.57100647688 477657180.85711336136 528321524.09613209963 119490409.27747817338 
2221499325.082324028 19085374.517370399088 33826501.072611607611 50727250.756153464317 108056363.15827351809 146173882.75543880463 183618775.82324072719 304743974.0395912528 583555735.5270036459 645481935.71973657608 146229531.71290409565 
2621004400.4857583046 22488429.242368839681 39917037.515201248229 59788957.623412914574 127287917.00231909752 171974836.35359618068 217011174.70229136944 359623322.5532925725 689082490.64049518108 761476743.63643157482 172353491.21634930372 
3023025171.6946082115 25919106.819442458451 46098104.327000766993 69052492.774812862277 146737630.8897613287 198534712.69051969051 250400952.43479475379 414566385.09075856209 794837083.87694251537 877706648.23575186729 199172054.5548235178 
3423186945.1214642525 29407852.87387118116 52273928.845705710351 78369458.990445807576 166272431.2266613543 224709078.8583356142 283165284.27578574419 469381213.07406526804 899624877.29075860977 994436990.19894480705 225545829.4868901372 
3824426816.2858829498 32764130.214333564043 58229173.80112425983 87275106.82481341064 185922763.63829919696 251133462.08143055439 317383949.19720184803 524546064.93476265669 1005135300.6449941397 1110719922.6091833115 251316942.33974009752 
127366156.36047020555 1092037.7701582717709 1932820.3450622812379 2917995.1460997527465 6155561.4569988511503 8351977.1258924379945 10584649.873594870791 17434438.976417772472 33514644.25487017259 37027891.5825368613 8354139.8288389313966 
382461803.17642134428 3261864.914592041634 5856726.7969217561185 8740373.1315183956176 18624052.814808968455 25194471.584073211998 31653574.760503288358 52352804.66138189286 100443430.68650880456 111191428.2414740473 25143075.584638923407 
637206583.24375915527 5466422.52399007231 9673770.2796604298055 14629794.908278299496 30957311.629553120583 41793725.569683775306 52931264.090658403933 87218502.168707892299 167509230.7106987834 185041118.53752908111 41985442.824999310076 
891630138.3146327734 7614240.9854977726936 13585209.385122481734 20370626.270832143724 43385856.591763325036 58591312.137269742787 74066087.808524653316 122131397.48739559948 234305074.52003836632 259048431.71303731203 58531901.415151394904 
1147368998.4304347038 9849839.743068985641 17460773.065236829221 26296305.126400887966 55745195.059685766697 75370833.774361461401 95124708.051982119679 157398340.00020611286 301381306.40549957752 333348345.87542390823 75393351.328569069505 
1401671314.918484211 12042057.223889971152 21343079.289831418544 32006731.429883453995 68178955.95253162086 92229484.895730748773 115855615.1901358366 192280448.60636138916 368198777.24430406094 407271568.07165962458 92264597.014156132936 
1653741976.4013946056 14189239.596295762807 25185947.990107625723 37724281.931307412684 80313246.096198484302 108508786.06308083236 136924794.5126850307 226906976.61136943102 434781658.42232435942 480459344.04826766253 108747701.12975804508 
1907399934.6292099953 16353850.810093877837 29085937.491735305637 43569177.470933645964 92585185.921518564224 125266935.10634842515 157992320.00356924534 261573705.44761815667 501508295.73737615347 553795456.00344109535 125669070.63657560945 
2159884944.5531039238 18555100.756161976606 32982619.330033048987 49447785.732961088419 104910811.66703979671 141781843.67704576254 178665215.81562876701 296159523.7501039505 567624923.60369670391 627447322.58880209923 142309797.6316306591 
2413050188.1625800133 20672768.594239167869 36740124.872832991183 55066869.641409449279 117309333.22363986075 158454502.34501668811 200255733.76610299945 330966192.18877273798 634197500.13826596737 700816892.83073592186 158570270.56156420708 
80362611.793851390481 689029.25153113505803 1219527.1922777881846 1841130.4685891943518 3883896.7106926259585 5269741.3085124120116 6678462.5764960348606 11000387.31906254217 21146310.940251257271 23363020.144617967308 5271105.8818204300478 
241317083.69730123878 2058097.6245641077403 3695344.7871317407116 5514802.6208288790658 11750982.907490739599 15896636.886268526316 19972055.474192429334 33032386.605235811323 63375520.2964399755 70157048.292200446129 15864208.202948562801 
402050173.64877969027 3449079.4395434930921 6103736.4067659648135 9230776.545617133379 19532743.138028651476 26370058.101381640881 33397369.83062165603 55031154.517907932401 105691179.38514259458 116753052.77208407223 26491023.511686563492 
562580584.3295083046 4804261.272441925481 8571687.6378442831337 12852996.257242714986 27374624.863137483597 36968618.715741842985 46732542.07970354706 77059702.236302107573 147836507.61739724874 163448510.56541675329 36931133.084280401468 
723940896.38856637478 6214828.7278422787786 11017003.00581311807 16591846.852194802836 35172840.242389731109 47555781.129529185593 60019633.186932317913 99311638.632120668888 190158748.76558554173 210328587.10042250156 47569988.745736204088 
884394810.69502782822 7598024.4480641474947 13466572.631742246449 20194882.268490012735 43018012.997241429985 58192870.872586384416 73099951.30348727107 121320761.24813009799 232317722.7309204042 256970987.07277873158 58215025.121587142348 
1043440645.885650754 8952804.9358719866723 15891258.862054573372 23802412.749799866229 50674232.483441658318 68464415.507130905986 86393704.739219918847 143168623.40673902631 274328680.62684428692 303149351.8513906002 68615160.723157867789 
1203487997.6153409481 10318582.279162093997 18351985.881502207369 27490292.518246565014 58417303.047246351838 79038092.725874319673 99686414.677717000246 165041850.57507348061 316430342.51324242353 349421310.3051289916 79291823.092147603631 
1362795268.9979763031 11707477.09967039153 20810625.906478747725 31199443.576494727284 66194247.136697120965 89458295.581974700093 112730130.12200979888 186864026.6478843689 358147114.45776116848 395892496.46183788776 89791412.00716739893 
1522531738.8204927444 13043635.175274686888 23181451.625633411109 34744845.837780691683 74017185.373529940844 99978032.020542323589 126352825.99399296939 208825549.73614943027 400151570.56321746111 442185565.66734147072 100051076.8270303607 
50705380.132941111922 434748.06681525992462 769469.6387609790545 1161674.7913026113529 2450573.1548139755614 3324981.9821165688336 4213825.0124762859195 6940775.1710892906412 13342420.196413386613 14741069.149485407397 3325842.9696673448198 
152260786.30735364556 1298571.8118759624194 2331604.9338273671456 3479605.2169705978595 7414368.970342493616 10030099.7959258724 12601515.085807556286 20842026.934282682836 39987249.991292335093 44266104.887015454471 10009638.680013319477 
253676509.91323447227 2176222.004075594712 3851197.3146201274358 5824226.2567126350477 12324327.740784268826 16638381.833436159417 21072315.780951950699 34722311.118298359215 66686625.879829280078 73666196.137029990554 16714705.847496109083 
354964351.54466181993 3031283.9346489906311 5408369.2696879263967 8109692.3870837222785 17272220.609786693007 23325621.493985235691 29486240.651418626308 48621385.089451566339 93278530.263498783112 103129038.18559812009 23301969.659502159804 
456775825.54594039917 3921291.8305185805075 6951258.9606781490147 10468747.629882883281 22192561.877164293081 30005669.376169010997 37869828.372302085161 62661407.787299402058 119982059.15081003308 132708366.78515356779 30014633.775962382555 
558015401.22819781303 4794029.3290461394936 8496832.9069737326354 12742109.288216594607 27142531.245553884655 36717219.273445881903 46122951.156079754233 76548225.347435683012 146582573.40998733044 162137731.61189448833 36731197.659564353526 
658366539.05070757866 5648838.027986953035 10026706.492049286142 15018307.140835212544 31973279.161324284971 43198125.79976785928 54510742.522064059973 90333294.437600851059 173089695.84306865931 191274310.02504509687 43293239.600965328515 
759349591.08916032314 6510585.273660492152 11579320.277730625123 17345201.966296568513 36858826.402385242283 49869665.099096916616 62897875.48580365628 104134367.76694516838 199654048.62511333823 220469942.05491366982 50029758.137214697897 
859865683.99713349342 7386918.6613707020879 13130617.258922541514 19685518.068284727633 41765746.393236041069 56444368.622126936913 71127903.544689923525 117903230.03262515366 225975552.27151271701 249791278.26719546318 56654550.877169266343 
960652582.81298875809 8229977.4125597523525 14626507.158905709162 21922515.66417978704 46701686.729180634022 63081873.590037077665 79723243.556737691164 131760014.32113729417 252478572.35214623809 279000230.28093773127 63127961.747166842222 
31992931.999539248645 274307.48575565381907 485502.51993076055078 732967.24146987788845 1546207.1302158744074 2097921.8018807582557 2658743.839976252988 4379333.0705845551565 8418498.0160678829998 9300985.8453582059592 2098465.0482994262129 
96070061.396953985095 819343.42203809006605 1471143.2574246316217 2195482.46753919404 4678150.5565236425027 6328565.1321087135002 7951018.4949682271108 13150429.968039659783 25230249.067571431398 27930023.989992961287 6315655.0407474273816 
160059057.05185773969 1373103.25669090054 2429941.2307019657455 3674838.3325872183777 7776125.1038288166746 10498109.218072360381 13295732.407197505236 21908297.217416610569 42076416.3774811849 46480227.49257748574 10546266.415303695947 
223967364.63575348258 1912610.861771597527 3412450.3123705745675 5116869.9731055824086 10898034.449227070436 14717472.19619503431 18604560.100123010576 30678020.020989205688 58854773.752072498202 65070024.072381399572 14702548.897517507896 
288206061.9092143774 2474167.8803158779629 4385947.8946236306801 6605333.2045842157677 14002559.909227944911 18932297.468938242644 23894246.34570838511 39536675.45886490494 75703561.427060514688 83733318.697063922882 18937953.62282672897 
352083915.73799306154 3024828.0148151130415 5361139.1274760644883 8039727.4395695431158 17125779.437165342271 23166999.169470369816 29101614.78102972731 48298664.989889413118 92487351.26583853364 102301992.57788316905 23175818.934855800122 
415401203.17404967546 3564175.8415373777971 6326424.1021057283506 9475911.1921693049371 20173775.313953060657 27256174.741142839193 34393953.34736507386 56996455.576496012509 109212214.84602688253 120685930.72068358958 27316187.492569807917 
479117201.52573686838 4107901.5952806733549 7306057.173322563991 10944082.572127101943 23256347.227505408227 31465631.461042739451 39685876.48996848613 65704344.155355505645 125973188.33522079885 139107129.17667031288 31566643.339243300259 
542538568.58447599411 4660830.5824696393684 8284859.3970755552873 12420722.205081788823 26352404.434509404004 35613988.936678335071 44878673.139000847936 74391908.927022486925 142580934.37867867947 157607641.60978254676 35746604.974176697433 
606130802.61972200871 5192764.6933606704697 9228702.116003677249 13832172.267796311527 29466772.241389676929 39801971.445205010474 50301966.04790686816 83134948.744736969471 159303209.54946044087 176037244.40742281079 39831051.106439590454 
20186175.416564714164 173076.3227834260324 306331.38071395520819 462471.06426880741492 975590.74489734997042 1323699.1690417872742 1677553.9529244909063 2763172.364810325671 5311713.1527299741283 5868525.3300350885838 1324041.9343595083337 
60616110.823071293533 516970.74978646822274 928228.64305458811577 1385255.7875713538378 2951713.4522226997651 3993054.6501252627932 5016753.5154980625957 8297360.3714070674032 15919210.952248765156 17622653.767994076014 3984908.933162949048 
100990437.59744404256 866369.5845387969166 1533189.266166646732 2318666.2357232556678 4906403.245857603848 6623859.1142979841679 8389040.0125645957887 13823201.03438401036 26548423.942778475583 29327040.909552000463 6654244.2515806760639 
141313853.64080235362 1206775.8703673828859 2153110.5872639464214 3228526.690281140618 6876194.8761379867792 9286097.1743723098189 11738683.835995787755 19356522.046353578568 37134851.756590291858 41056409.593972072005 9276681.2094678524882 
181845731.4853323102 1561094.3955622969661 2767346.0366202238947 4167683.4981713071465 8835018.0162512920797 11945472.135910373181 15076250.222643742338 24945955.757100660354 47765718.085711359978 52832152.409613236785 11949040.927747823298 
222149932.50823253393 1908537.4517370408867 3382650.1072611627169 5072725.0756153492257 10805636.315827358514 14617388.275543889031 18361877.582324083894 30474397.403959143907 58355573.552700400352 64548193.571973696351 14622953.171290418133 
262100440.04857596755 2248842.9242368848063 3991703.7515201265924 5978895.7623412944376 12728791.700231917202 17197483.635359626263 21701117.470229148865 35962332.255329281092 68908249.064049556851 76147674.363643199205 17235349.121634937823 
302302517.16946095228 2591910.6819442468695 4609810.4327000789344 6905249.2774812895805 14673763.088976139203 19853471.269051980227 25040095.243479486555 41456638.5090758726 79483708.38769428432 87770664.823575228453 19917205.455482359976 
342318694.51214665174 2940785.2873871200718 5227392.8845705753192 7836945.8990445863456 16627243.122666144744 22470907.885833576322 28316528.427578594536 46938121.307406552136 89962487.729075923562 99443699.019894555211 22554582.948689028621 
382442681.62858849764 3276413.0214333580807 5822917.3801124291494 8727510.6824813447893 18592276.363829929382 25113346.208143066615 31738394.919720202684 52454606.493476293981 100513530.06449946761 111071992.26091839373 25131694.233974024653 
12736615.636047016829 109203.77701582713053 193282.03450622805394 291799.51460997521644 615556.14569988485891 835197.71258924354333 1058464.9873594867531 1743443.8976417768281 3351464.4254870163277 3702789.1582536851056 835413.98288389283698 
38246180.317642122507 326186.49145920405863 585672.67969217547216 874037.31315183918923 1862405.2814808962867 2519447.1584073202685 3165357.4760503279977 5235280.4661381877959 10044343.068650877103 11119142.824147401378 2514307.5584638915025 
63720658.324375897646 546642.2523990070913 967377.02796604274772 1462979.490827829577 3095731.162955311127 4179372.5569683765061 5293126.4090658389032 8721850.2168707866222 16750923.071069872007 18504111.85375290364 4198544.28249992989 
89163013.831463232636 761424.09854977682699 1358520.9385122472886 2037062.6270832133014 4338585.6591763300821 5859131.2137269712985 7406608.7808524621651 12213139.748739553615 23430507.452003821731 25904843.171303719282 5853190.1415151366964 
114736899.84304344654 984983.9743068984244 1746077.3065236825496 2629630.512640088331 5574519.5059685753658 7537083.3774361442775 9512470.8051982112229 15739834.000020608306 30138130.640549954027 33334834.587542381138 7539335.132856904529 
140167131.49184837937 1204205.7223889967427 2134307.9289831412025 3200673.1429883446544 6817895.5952531602234 9222948.4895730707794 11585561.519013579935 19228044.860636133701 36819877.724430397153 40727156.807165950537 9226459.701415611431 
165374197.64013940096 1418923.9596295757219 2518594.7990107615478 3772428.1931307394989 8031324.6096198456362 10850878.606308078393 13692479.451268497854 22690697.661136936396 43478165.842232421041 48045934.404826745391 10874770.11297580041 
190739993.46292093396 1635385.0810093872715 2908593.7491735294461 4356917.747093363665 9258518.5921518541873 12526693.510634837672 15799232.000356920063 26157370.544761806726 50150829.573737598956 55379545.600344084203 12566907.063657557592 
215988494.45531031489 1855510.0756161971949 3298261.9330033035949 4944778.5732961073518 10491081.166703974828 14178184.367704570293 17866521.581562872976 29615952.375010382384 56762492.36036965251 62744732.258880190551 14230979.763163061813 
241305018.81625792384 2067276.8594239158556 3674012.4872832982801 5506686.9641409432516 11730933.322363981977 15845450.234501663595 20025573.376610293984 33096619.218877267092 63419750.013826578856 70081689.283073574305 15857027.056156417355 
8036261.179385134019 68902.925153113450506 121952.71922777875443 184113.04685891931877 388389.67106926231645 526974.13085124082863 667846.25764960306697 1100038.7319062536117 2114631.0940251243301 2336302.0144617953338 527110.5881820427021 
24131708.369730111212 205809.7624564106809 369534.4787131738849 551480.26208288758062 1175098.2907490732614 1589663.6886268518865 1997205.5474192420952 3303238.6605235794559 6337552.0296439938247 7015704.8292200416327 1586420.8202948553953 
40205017.364877939224 344907.94395434908802 610373.64067659596913 923077.65456171263941 1953274.313802863704 2637005.8101381622255 3339736.983062163461 5503115.4517907891423 10569117.938514251262 11675305.277208399028 2649102.3511686543934 
56258058.432950787246 480426.12724419223377 857168.76378442754503 1285299.6257242704742 2737462.4863137463108 3696861.8715741815977 4673254.2079703509808 7705970.2236302047968 14783650.761739712209 16344851.056541662663 3693113.308428037446 
72394089.638856604695 621482.87278422759846 1101700.3005813113414 1659184.6852194794919 3517284.0242389715277 4755578.1129529168829 6001963.3186932289973 9931163.8632120620459 19015874.876558545977 21032858.710042241961 4756998.8745736181736 
88439481.069502741098 759802.44480641442351 1346657.2631742241792 2019488.2268490002025 4301801.2997241411358 5819287.0872586360201 7309995.1303487233818 12132076.124813005328 23231772.273092027754 25697098.707277860492 5821502.5121587114409 
104344064.58856500685 895280.49358719820157 1589125.8862054562196 2380241.2749799853191 5067423.248344162479 6846441.5507130865008 8639370.4739219862968 14316862.34067389369 27432868.062684413046 30314935.185139041394 6861516.0723157823086 
120348799.7615340203 1031858.2279162087943 1835198.5881502195261 2749029.2518246551044 5841730.3047246308997 7903809.2725874269381 9968641.4677716940641 16504185.05750733614 31643034.251324221492 34942131.030512876809 7929182.3092147558928 
136279526.89979755878 1170747.7099670385942 2081062.5906478737015 3119944.3576494711451 6619424.71366970893 8945829.5581974647939 11273013.012200973928 18686402.664788428694 35814711.445776097476 39589249.646183766425 8979141.2007167357951 
152253173.88204917312 1304363.517527467804 2318145.1625633398071 3474484.5837780665606 7401718.5373529894277 9997803.2020542249084 12635282.599399289116 20882554.973614927381 40015157.056321717799 44218556.56673412025 10005107.682703029364 
5070538.0132941091433 43474.806681525973545 76946.963876097870525 116167.47913026109745 245057.31548139746883 332498.19821165676694 421382.50124762847554 694077.51710892887786 1334242.0196413381491 1474106.9149485402741 332584.29696673434228 
15226078.630735358223 129857.1811875962012 233160.49338273660396 347960.52169705962297 741436.89703424903564 1003009.9795925867511 1260151.5085807552096 2084202.693428267492 3998724.9991292320192 4426610.4887015437707 1000963.8680013314588 
25367650.991323433816 217622.20040755934315 385119.73146201256895 582422.62567126320209 1232432.7740784261841 1663838.1833436149172 2107231.5780951939523 3472231.1118298345245 6668662.5879829237238 7366619.6137029957026 1671470.5847496099304 
35496435.154466167092 303128.39346489892341 540836.92696879245341 810969.2387083718786 1727222.0609786685091 2332562.1493985224515 2948624.065141861327 4862138.5089451540262 9327853.0263498742133 10312903.818559808657 2330196.9659502152354 
45677582.554594017565 392129.18305185786448 695125.89606781455223 1046874.7629882877227 2219256.1877164281905 3000566.9376168996096 3786982.8372302064672 6266140.7787299370393 11998205.915080998093 13270836.678515350446 3001463.3775962367654 
55801540.122819751501 479402.93290461366996 849683.29069737286773 1274210.9288216587156 2714253.1245553870685 3671721.9273445862345 4612295.1156079731882 7654822.5347435642034 14658257.340998724103 16213773.161189440638 3673119.7659564334899 
65836653.905070729554 564883.80279869504739 1002670.6492049281951 1501830.7140835206956 3197327.9161324268207 4319812.5799767840654 5451074.2522064037621 9033329.4437600821257 17308969.58430685848 19127431.002504501492 4329323.9600965306163 
75934959.108915984631 651058.52736604877282 1157932.0277730617672 1734520.1966296560131 3685882.6402385216206 4986966.5099096884951 6289787.5485803615302 10413436.776694510132 19965404.862511321902 22046994.205491352826 5002975.8137214668095 
85986568.399713292718 738691.86613706976641 1313061.7258922532201 1968551.8068284715991 4176574.6393236010335 5644436.8622126905248 7112790.3544689873233 11790323.003262506798 22597555.227151256055 24979127.826719529927 5665455.0877169230953 
96065258.281298846006 822997.74125597497914 1462650.7158905705437 2192251.5664179781452 4670168.6729180617258 6308187.3590037059039 7972324.3556737676263 13176001.432113725692 25247857.235214613378 27900023.028093766421 6312796.1747166821733 
3199293.1999539267272 27430.748575565397914 48550.251993076082726 73296.724146987835411 154620.71302158752223 209792.18018807593035 265874.3839976254385 437933.30705845571356 841849.80160678876564 930098.58453582122456 209846.50482994274353 
9607006.1396954022348 81934.342203809035709 147114.32574246320291 219548.24675391952042 467815.05565236444818 632856.51321087160613 795101.84949682303704 1315042.9968039663509 2523024.9067571442574 2793002.3989992975257 631565.50407474301755 
16005905.705185782164 137310.32566909011803 242994.12307019668515 367483.83325872197747 777612.51038288208656 1049810.9218072367366 1329573.2407197512221 2190829.7217416618951 4207641.6377481203526 4648022.7492577508092 1054626.6415303701069 
22396736.463575355709 191261.08617715982837 341245.0312370575266 511686.9973105583922 1089803.4449227072764 1471747.2196195039432 1860456.0100123016164 3067802.0020989216864 5885477.3752072518691 6507002.4072381425649 1470254.8897517512087 
28820606.190921455622 247416.78803158793016 438594.7894623632892 660533.32045842206571 1400255.9909227953758 1893229.7468938254751 2389424.6345708398148 3953667.545886493288 7570356.1427060570568 8373331.8697063969448 1893795.3622826740611 
35208391.573799319565 302482.80148151138565 536113.91274760663509 803972.74395695468411 1712577.9437165348791 2316699.9169470379129 2910161.4781029736623 4829866.4989889431745 9248735.1265838574618 10230199.257788321003 2317581.8934855810367 
41540120.317404985428 356417.58415373793105 632642.41021057311445 947591.11921693081968 2017377.5313953068107 2725617.4741142848507 3439395.3347365083173 5699645.5576496040449 10921221.484602691606 12068593.072068363428 2731618.7492569820024 
47911720.15257371217 410790.15952806756832 730605.71733225684147 1094408.2572127107996 2325634.7227505422197 3146563.1461042757146 3968587.6489968509413 6570434.4155355542898 12597318.833522086963 13910712.917667036876 3156664.3339243317023 
54253856.858447633684 466083.05824696423952 828485.93970755604096 1242072.2205081796274 2635240.4434509421699 3561398.8936678357422 4487867.3139000879601 7439190.8927022535354 14258093.437867876142 15760764.160978265107 3574660.4974176725373 
60613080.261972233653 519276.46933606732637 922870.21160036826041 1383217.2267796320375 2946677.2241389695555 3980197.1445205030032 5030196.6047906894237 8313494.8744737021625 15930320.954946052283 17603724.440742287785 3983105.1106439614668 
2018617.5416564717889 17307.632278342603968 30633.138071395529551 46247.106426880753133 97559.074489735008683 132369.91690417873906 167755.39529244913138 276317.23648103262531 531171.3152729975991 586852.53300350892823 132404.19343595087412 
6061611.0823071300983 51697.07497864682955 92822.864305458817398 138525.57875713540125 295171.34522226999979 399305.46501252631424 501675.35154980624793 829736.03714070678689 1591921.0952248766553 1762265.3767994076479 398490.89331629493972 
10099043.759744407609 86636.958453879720764 153318.92661666474305 231866.62357232562499 490640.32458576053614 662385.91142979857977 838904.00125645985827 1382320.1034384013619 2654842.3942778483033 2932704.0909552010708 665424.42515806783922 
14131385.364080237225 120677.58703673830314 215311.05872639466543 322852.6690281140618 687619.4876137987012 928609.7174372310983 1173868.3835995791014 1935652.2046353579499 3713485.1756590302102 4105640.9593972079456 927668.12094678531867 
18184573.148533236235 156109.43955622974318 276734.60366202244768 416768.34981713083107 883501.80162512941752 1194547.2135910375509 1507625.0222643746529 2494595.5757100665942 4776571.8085711374879 5283215.2409613244236 1194904.0927747825626 
22214993.250823255628 190853.74517370411195 338265.01072611630661 507272.50756153499242 1080563.6315827358048 1461738.8275543889031 1836187.758232408436 3047439.7403959147632 5835557.3552700411528 6454819.3571973703802 1462295.3171290419996 
26210044.004857599735 224884.29242368851556 399170.37515201274073 597889.57623412949033 1272879.1700231917202 1719748.3635359629989 2170111.7470229151659 3596233.225532928016 6890824.9064049562439 7614767.4363643210381 1723534.9121634941548 
30230251.716946106404 259191.06819442479173 460981.04327000805642 690524.92774812923744 1467376.3088976144791 1985347.1269051986746 2504009.5243479493074 4145663.8509075888433 7948370.838769431226 8777066.482357526198 1991720.5455482369289 
34231869.451214671135 294078.52873871207703 522739.28845705755521 783694.58990445872769 1662724.3122666147538 2247090.7885833578184 2831652.842757859733 4693812.1307406565174 8996248.7729075923562 9944369.9019894562662 2255458.2948689032346 
38244268.162858858705 327641.30214333592448 582291.73801124305464 872751.06824813480489 1859227.6363829933107 2511334.6208143075928 3173839.4919720212929 5245460.6493476303294 10051353.006449948996 11107199.226091841236 2513169.4233974027447 
1273661.5636047022417 10920.377701582718146 19328.203450622815581 29179.951460997534014 61555.61456998851645 83519.771258924389258 105846.49873594871315 174344.38976417775848 335146.44254870177247 370278.9158253686619 83541.398288389318623 
3824618.0317642143928 32618.649145920426236 58567.267969217580685 87403.731315183977131 186240.52814808973926 251944.7158407321549 316535.74760503298603 523528.04661381902406 1004434.3068650882924 1111914.28241474065 251430.7558463892783 
6372065.8324375925586 54664.225239900726592 96737.702796604309697 146297.94908278301591 309573.11629553127568 417937.25569683784852 529312.64090658409987 872185.02168707898818 1675092.3071069880389 1850411.1853752911557 419854.42824999318691 
8916301.3831463288516 76142.409854977740906 135852.09385122483945 203706.26270832144655 433858.56591763329925 585913.12137269752566 740660.87808524665888 1221313.9748739562929 2343050.7452003839426 2590484.3171303733252 585319.01415151404217 
11473689.984304349869 98498.397430689889006 174607.73065236833645 262963.05126400891459 557451.95059685781598 753708.33774361480027 951247.08051982149482 1573983.4000020616222 3013813.0640549967065 3333483.4587542396039 753933.51328569080215 
14016713.149184845388 120420.57223889975285 213430.7928983142483 320067.3142988345935 681789.5595253163483 922294.84895730763674 1158556.1519013585057 1922804.4860636142548 3681987.7724430416711 4072715.6807165974751 922645.97014156158548 
16537419.764013947919 141892.39596295764204 251859.47990107626538 377242.81931307411287 803132.46096198493615 1085087.8606308083981 1369247.9451268503908 2269069.7661136947572 4347816.5842232434079 4804593.4404826769605 1087477.0112975805532 
19073999.346292100847 163538.50810093877953 290859.37491735303774 435691.77470933651784 925851.85921518574469 1252669.351063484326 1579923.2000356926583 2615737.0544761815108 5015082.9573737615719 5537954.560034411028 1256690.7063657562248 
21598849.445531044155 185551.00756161983008 329826.19330033054575 494477.85732961102622 1049108.1166703982744 1417818.4367704577744 1786652.1581562880892 2961595.2375010401011 5676249.2360369684175 6274473.2258880231529 1423097.9763163069729 
24130501.88162580505 206727.68594239169033 367401.24872833001427 550668.6964140945347 1173093.3322363989428 1584545.0234501671512 2002557.3376610304695 3309661.9218877283856 6341975.001382661052 7008168.9283073609695 1585702.7056156424806 
803626.11793851223774 6890.2925153113355918 12195.271922777857981 18411.304685891904228 38838.967106926174893 52697.413085124011559 66784.625764960219385 110003.87319062519236 211463.10940251214197 233630.20144617918413 52711.058818204197451 
2413170.8369730073027 20580.976245641035348 36953.447871317330282 55148.026208288676571 117509.8290749071457 158966.36886268493254 199720.55474192390102 330323.86605235742172 633755.20296439842787 701570.4829220030224 158642.08202948528924 
4020501.7364877876826 34490.794395434852049 61037.364067659502325 92307.765456171124242 195327.43138028605608 263700.58101381582674 333973.69830621581059 550311.5451790781226 1056911.7938514235429 1167530.5277208380867 264910.23511686502025 
5625805.8432950703427 48042.612724419152073 85716.876378442626446 128529.96257242685533 273746.24863137421198 369686.18715741758933 467325.42079703445779 770597.02236301929224 1478365.0761739690788 1634485.1056541639846 369311.33084280317416 
7239408.9638856491074 62148.287278422663803 110170.0300581309566 165918.46852194768144 351728.40242389659397 475557.81129529088503 600196.33186932199169 993116.38632120459806 1901587.4876558515243 2103285.8710042210296 475699.88745736109558 
8843948.1069502606988 75980.244480641325936 134665.72631742220256 201948.82268489970011 430180.1299724134733 581928.70872586267069 730999.51303487131372 1213207.6124812986236 2323177.2273091995157 2569709.8707277821377 582150.25121587025933 
10434406.458856483921 89528.049358719668817 158912.58862054537167 238024.12749799815356 506742.32483441545628 684644.15507130755577 863937.04739219718613 1431686.2340673869476 2743286.8062684368342 3031493.5185138992965 686151.60723157715984 
12034879.976153383031 103185.82279162071063 183519.8588150216674 274902.92518246505642 584173.03047246218193 790380.92725874145981 996864.1467771679163 1650418.5057507310994 3164303.42513241712 3494213.1030512819998 792918.23092147428542 
13627952.689979732037 117074.77099670364987 208106.25906478700927 311994.43576494656736 661942.47136696975213 894582.95581974496599 1127301.3012200952508 1868640.2664788393304 3581471.1445776033215 3958924.9646183699369 897914.12007167201955 
15225317.388204893097 130436.35175274657377 231814.51625633359072 347448.45837780612055 740171.8537352978019 999780.32020542095415 1263528.2599399269093 2088255.4973614895716 4001515.70563216554 4421855.6566734053195 1000510.7682703013998 
507053.80132941139163 4347.4806681526015382 7694.6963876097943285 11616.747913026119932 24505.731548139767256 33249.819821165707253 42138.250124762882479 69407.751710892945994 133424.20196413394297 147410.6914948541671 33258.429696673461876 
1522607.8630735375918 12985.718118759634308 23316.049338273685862 34796.052169706003042 74143.689703424985055 100300.99795925879152 126015.15085807566356 208420.26934282697039 399872.49991292366758 442661.04887015483109 100096.38680013325938 
2536765.099132346455 21762.220040755961236 38511.973146201300551 58242.262567126388603 123243.27740784277557 166383.81833436171291 210723.15780951964553 347223.11118298384827 666866.25879829318728 736661.96137030050159 167147.05847496120259 
3549643.515446620062 30312.83934648991999 54083.692696879290452 81096.923870837272261 172722.20609786701971 233256.21493985247798 294862.4065141864121 486213.85089451586828 932785.30263498832937 1031290.3818559817737 233019.69659502172726 
4567758.2554594064131 39212.918305185827194 69512.589606781533803 104687.47629882888577 221925.6187716430577 300056.69376169028692 378698.28372302104253 626614.07787299435586 1199820.5915081009734 1327083.6678515363019 300146.3377596240025 
5580154.0122819812968 47940.293290461420838 84968.329069737374084 127421.09288216601999 271425.31245553900953 367172.19273445900762 461229.51156079780776 765482.25347435730509 1465825.7340998740401 1621377.3161189458333 367311.97659564373316 
6583665.3905070796609 56488.380279869568767 100267.06492049292137 150183.07140835220343 319732.7916132430546 431981.25799767888384 545107.42522064084187 903332.94437600905076 1730896.9584306874312 1912743.1002504520584 432932.39600965351565 
7593495.9108916074038 65105.852736604960228 115793.20277730631642 173452.01966296578757 368588.2640238525928 498696.65099096944323 628978.75485803687479 1041343.6776694522705 1996540.4862511344254 2204699.4205491379835 500297.58137214725139 
8598656.8399713393301 73869.186613707061042 131306.17258922549081 196855.18068284739275 417657.46393236063886 564443.68622126965784 711279.03544689959381 1179032.3003262521233 2259755.5227151284926 2497912.7826719558798 566545.50877169298474 
9606525.8281298931688 82299.774125597570674 146265.07158905718825 219225.1566417980066 467016.86729180655675 630818.73590037121903 797232.4355673774844 1317600.1432113735937 2524785.723521463573 2790002.3028093790635 631279.61747166875284 
319929.31999539211392 2743.0748575565348801 4855.0251993075999053 7329.6724146987698987 15462.071302158725302 20979.21801880755811 26587.438399762497284 43793.330705845495686 84184.980160678722314 93009.858453581953654 20984.6504829942387 
960700.61396953859366 8193.4342203808901104 14711.432574246297008 21954.824675391912024 46781.505565236366238 63285.651321087054384 79510.184949682166916 131504.29968039641972 252302.49067571398336 279300.23989992926363 63156.550407474191161 
1600590.5705185753759 13731.032566908988883 24299.412307019625587 36748.383325872135174 77761.251038288071868 104981.09218072348449 132957.32407197487191 219082.97217416582862 420764.16377481131349 464802.27492577425437 105462.66415303682152 
2239673.6463575316593 19126.10861771594864 34124.503123705697362 51168.699731055748998 108980.34449227053847 147174.72196195012657 186045.60100122983567 306780.20020989159821 588547.73752072418574 650700.24072381306905 147025.48897517487057 
2882060.6190921408124 24741.678803158752999 43859.478946236260526 66053.332045842093066 140025.59909227932803 189322.97468938224483 238942.46345708359149 395366.75458864867687 757035.61427060444839 837333.18697063834406 189379.53622826709761 
3520839.1573799257167 30248.280148151086905 53611.391274760571832 80397.274395695319981 171257.79437165317358 231669.99169470337802 291016.147810296854 482986.64989889343269 924873.51265838404652 1023019.9257788303075 231758.18934855770203 
4154012.0317404912785 35641.758415373733442 63264.241021057197941 94759.111921692921896 201737.75313953033765 272561.7474114280194 343939.53347365022637 569964.5557649594266 1092122.1484602673445 1206859.3072068344336 273161.87492569774622 
4791172.0152573632076 41079.015952806686983 73060.571733225559001 109440.82572127089952 232563.47227505382034 314656.31461042707087 396858.76489968446549 657043.44155355426483 1259731.8833522065543 1391071.291766701499 315666.43339243263472 
5425385.6858447529376 46608.30582469633373 82848.593970755449845 124207.22205081772699 263524.0443450937164 356139.88936678291066 448786.73139000788797 743919.08927022386342 1425809.3437867849134 1576076.4160978235304 357466.04974176653195 
6061308.0261972127482 51927.64693360664387 92287.021160036660149 138321.72267796294182 294667.7224138964084 398019.71445204963675 503019.66047906805761 831349.48744736879598 1593032.095494602574 1760372.4440742258448 398310.51106439542491 
201861.75416564714396 1730.7632278342603058 3063.3138071395524094 4624.7106426880745857 9755.9074489734994131 13236.991690417871723 16775.539529244910227 27631.723648103255982 53117.131527299745358 58685.253300350887002 13240.419343595083774 
606161.10823071293999 5169.7074978646824093 9282.2864305458806484 13852.557875713539033 29517.134522226995614 39930.546501252625603 50167.535154980621883 82973.603714070675778 159192.10952248764806 176226.53767994075315 39849.089331629489607 
1009904.3759744405979 8663.6958453879706212 15331.892661666470303 23186.662357232558861 49064.032458576046338 66238.591142979843426 83890.400125645974185 138232.01034384011291 265484.23942778480705 293270.40909552003723 66542.442515806775191 
1413138.5364080236759 12067.758703673829586 21531.105872639465815 32285.266902811406908 68761.94876137987012 92860.971743723101099 117386.83835995789559 193565.22046353577753 371348.51756590296282 410564.0959397208062 92766.812094678534777 
1818457.3148533238564 15610.943955622975409 27673.460366202249133 41676.834981713087473 88350.180162512959214 119454.72135910377256 150762.50222643750021 249459.55757100670598 477657.18085711373715 528321.52409613260534 119490.40927747827664 
2221499.3250823253766 19085.374517370411922 33826.501072611630661 50727.250756153494876 108056.36315827358339 146173.88275543888449 183618.77582324083778 304743.9740395914414 583555.73552700399887 645481.93571973696817 146229.53171290416503 
2621004.4004857600667 22488.429242368853011 39917.037515201271162 59788.957623412956309 127287.91700231918367 171974.83635359629989 217011.17470229152241 359623.32255329284817 689082.49064049555454 761476.74363643210381 172353.49121634941548 
3023025.1716946098022 25919.106819442469714 46098.104327000786725 69052.492774812897551 146737.63088976140716 198534.71269051980926 250400.95243479489 414566.38509075879119 794837.08387694286648 877706.64823575236369 199172.0545548236405 
3423186.9451214666478 29407.852873871201155 52273.928845705748245 78369.458990445869858 166272.43122666145791 224709.07885833576438 283165.28427578596165 469381.21307406557025 899624.87729075923562 994436.9901989455102 225545.82948689031764 
3824426.8162858849391 32764.130214333581534 58229.173801124285092 87275.106824813454296 185922.76363829927868 251133.46208143068361 317383.9491972020478 524546.06493476289324 1005135.300644994597 1110719.9226091839373 251316.94233974022791 
127366.15636047025328 1092.0377701582719965 1932.8203450622820583 2917.995146099754038 6155.5614569988529183 8351.9771258924411086 10584.649873594873497 17434.438976417779486 33514.644254870181612 37027.891582536874921 8354.1398288389336813 
382461.80317642149748 3261.8649145920430783 5856.7267969217591599 8740.3731315183977131 18624.052814808976109 25194.471584073220583 31653.574760503299331 52352.804661381909682 100443.43068650884379 111191.42824147408828 25143.075584638932924 
637206.5832437594654 5466.4225239900742963 9673.7702796604353352 14629.794908278307048 30957.311629553136299 41793.725569683796493 52931.264090658434725 87218.502168707927922 167509.23071069884463 185041.11853752916795 41985.442824999328877 
891630.13831463293172 7614.2409854977740906 13585.209385122483582 20370.626270832144655 43385.85659176333138 58591.312137269749655 74066.087808524665888 122131.3974873956322 234305.07452003838262 259048.43171303736744 58531.901415151405672 
1147368.9984304350801 9849.8397430689892644 17460.773065236833645 26296.305126400897279 55745.195059685785964 75370.833774361482938 95124.708051982161123 157398.34000020616804 301381.30640549969394 333348.34587542398367 75393.351328569086036 
1401671.3149184847716 12042.05722388997674 21343.079289831428468 32006.731429883468081 68178.955952531643561 92229.484895730784046 115855.61519013588259 192280.44860636146041 368198.7772443042486 407271.568071659829 92264.597014156170189 
1653741.9764013949316 14189.239596295765296 25185.947990107630176 37724.281931307414197 80313.246096198490704 108508.78606308084272 136924.79451268503908 226906.97661136946408 434781.658422324399 480459.34404826775426 108747.70112975806114 
1907399.9346292102709 16353.850810093881591 29085.937491735308868 43569.17747093365324 92585.1859215185832 125266.93510634843551 157992.32000356927165 261573.70544761820929 501508.29573737626197 553795.45600344112609 125669.07063657563413 
2159884.9445531046949 18555.100756161984464 32982.619330033063306 49447.785732961106987 104910.81166703983035 141781.84367704580654 178665.21581562884967 296159.52375010406831 567624.92360369686503 627447.32258880243171 142309.79763163070311 
2413050.1881625810638 20672.768594239176309 36740.124872833010159 55066.869641409473843 117309.33322363991465 158454.50234501675004 200255.73376610310515 330966.19218877289677 634197.5001382662449 700816.89283073623665 158570.27056156427716 
80362.611793851217953 689.02925153113358192 1219.5271922777856162 1841.1304685891902864 3883.8967106926174893 5269.7413085124007921 6678.462576496021029 11000.387319062518145 21146.310940251212742 23363.020144617919868 5271.1058818204191994 
241317.08369730069535 2058.097624564103171 3695.3447871317325735 5514.8026208288665657 11750.982907490713842 15896.636886268490343 19972.055474192384281 33032.386605235740717 63375.520296439834055 70157.048292200299329 15864.208202948526377 
402050.17364877875661 3449.079439543485023 6103.7364067659500506 9230.776545617112788 19532.743138028607063 26370.058101381579036 33397.369830621581059 55031.15451790780935 105691.17938514234265 116753.05277208379994 26491.023511686500569 
562580.58432950708084 4804.2612724419150254 8571.6876378442630084 12852.996257242686625 27374.624863137421926 36968.618715741766209 46732.542079703445779 77059.702236301935045 147836.5076173969137 163448.51056541639264 36931.133084280321782 
723940.89638856484089 6214.8287278422658346 11017.003005813094205 16591.846852194768871 35172.840242389655032 47555.781129529088503 60019.633186932194803 99311.638632120462717 190158.74876558512915 210328.58710042206803 47569.988745736103738 
884394.81069502595346 7598.0244480641313203 13466.572631742217709 20194.882268489967828 43018.012997241341509 58192.870872586259793 73099.951303487119731 121320.76124812984199 232317.72273091989337 256970.98707277819631 58215.025121587023023 
1043440.6458856484387 8952.8049358719672455 15891.258862054537531 23802.412749799816083 50674.232483441548538 68464.415507130761398 86393.704739219712792 143168.62340673871222 274328.6806268437067 303149.35185138991801 68615.160723157721804 
1203487.9976153380703 10318.582279162070336 18351.985881502161646 27490.292518246500549 58417.303047246212373 79038.092725874128519 99686.414677716762526 165041.85057507306919 316430.34251324163051 349421.31030512816506 79291.823092147416901 
1362795.2689979732968 11707.477099670364623 20810.625906478704565 31199.443576494657464 66194.247136696983944 89458.295581974496599 112730.13012200954836 186864.02664788396214 358147.11445776035544 395892.49646183702862 89791.412007167207776 
1522531.7388204892632 13043.63517527465774 23181.451625633359072 34744.845837780609145 74017.18537352977728 99978.032020542086684 126352.82599399267929 208825.5497361489397 400151.57056321657728 442185.56566734047374 100051.07682703013415 
50705.380132941136253 434.74806681526013108 769.46963876097936463 1161.6747913026119932 2450.5731548139765437 3324.9819821165701796 4213.825012476288066 6940.7751710892944175 13342.420196413393569 14741.069149485414528 3325.8429696673460967 
152260.78630735373008 1298.5718118759632489 2331.6049338273683134 3479.6052169705999404 7414.3689703424979598 10030.099795925878425 12601.515085807563082 20842.026934282694128 39987.249991292359482 44266.104887015477289 10009.638680013324119 
253676.50991323456401 2176.2220040755955779 3851.1973146201289637 5824.2262567126372232 12324.327740784272464 16638.381833436164015 21072.315780951958004 34722.311118298377551 66686.625879829298356 73666.196137030026875 16714.705847496115894 
354964.35154466197127 3031.2839346489918171 5408.3692696879288633 8109.6923870837263166 17272.220609786698333 23325.621493985247071 29486.240651418636844 48621.385089451585372 93278.530263498818385 103129.03818559816864 23301.969659502170543 
456775.82554594054818 3921.2918305185817189 6951.2589606781511975 10468.747629882886031 22192.561877164302132 30005.669376169018506 37869.828372302094067 62661.407787299423944 119982.05915081007697 132708.36678515360109 30014.633775962392974 
558015.40122819808312 4794.0293290461413562 8496.8329069737374084 12742.109288216601271 27142.531245553898771 36717.219273445902218 46122.95115607977641 76548.225347435727599 146582.57340998738073 162137.73161189456005 36731.197659564371861 
658366.53905070794281 5648.8380279869561491 10026.706492049292137 15018.307140835220707 31973.279161324302549 43198.125799767884018 54510.742522064087098 90333.294437600910896 173089.6958430687373 191274.31002504521166 43293.23960096535302 
759349.59108916064724 6510.5852736604947495 11579.320277730630551 17345.201966296575847 36858.826402385253459 49869.665099096935592 62897.875485803677293 104134.36776694521541 199654.04862511341344 220469.9420549137576 50029.758137214717863 
859865.68399713374674 7386.9186613707042852 13130.617258922546171 19685.518068284734909 41765.746393236055155 56444.368622126959963 71127.903544689936098 117903.23003262518614 225975.55227151280269 249791.27826719553559 56654.550877169283922 
960652.58281298924703 8229.977412559755976 14626.507158905717006 21922.515664179798478 46701.686729180655675 63081.873590037110262 79723.243556737739709 131760.01432113736519 252478.57235214635148 279000.230280937918 63127.961747166875284 
31992.931999539225217 274.3074857556536017 485.50251993076017243 732.96724146987730819 1546.2071302158733488 2097.9218018807564476 2658.7438399762509107 4379.3330705845519333 8418.4980160678769607 9300.9858453582000948 2098.4650482994247795 
96070.06139695388265 819.34342203808910199 1471.1432574246300646 2195.48246753919193 4678.1505565236375332 6328.5651321087070755 7951.0184949682188744 13150.429968039645246 25230.24906757140343 27930.023989992932911 6315.6550407474205713 
160059.05705185758416 1373.1032566908993431 2429.9412307019633772 3674.8383325872146088 7776.1251038288091877 10498.109218072351723 13295.732407197490829 21908.297217416587955 42076.416377481145901 46480.227492577439989 10546.26641530368579 
223967.3646357532416 1912.610861771595637 3412.4503123705708276 5116.8699731055767188 10898.034449227057848 14717.472196195018114 18604.560100122987933 30678.020020989170007 58854.773752072440402 65070.024072381333099 14702.548897517492151 
288206.06190921412781 2474.1678803158756637 4385.9478946236267802 6605.3332045842107618 14002.559909227933531 18932.297468938224483 23894.24634570836497 39536.675458864876418 75703.561427060456481 83733.318697063848958 18937.953622826709761 
352083.91573799267644 3024.8280148151097819 5361.1391274760590022 8039.7274395695349085 17125.779437165321724 23166.999169470345805 29101.614781029693404 48298.664989889359276 92487.351265838427935 102301.99257788306568 23175.818934855775296 
415401.20317404932575 3564.1758415373747084 6326.4241021057232501 9475.9111921692965552 20173.775313953043224 27256.174741142815037 34393.953347365044465 56996.455576495965943 109212.21484602679266 120685.93072068349284 27316.187492569784808 
479117.20152573648375 4107.9015952806703353 7306.057173322557901 10944.082572127093954 23256.347227505390038 31465.631461042714363 39685.876489968461101 65704.344155355458497 125973.18833522069326 139107.12917667019065 31566.643339243277296 
542538.56858447543345 4660.8305824696344644 8284.8593970755464397 12420.722205081774518 26352.404434509375278 35613.988936678295431 44878.673139000798983 74391.908927022406715 142580.93437867853208 157607.64160978238215 35746.604974176661926 
606130.80261972139124 5192.7646933606647508 9228.7021160036674701 13832.172267796297092 29466.772241389648116 39801.971445204966585 50301.966047906818858 83134.948744736888329 159303.20954946026905 176037.24440742260776 39831.051106439554133 
20186.175416564714396 173.07632278342603627 306.33138071395524094 462.47106426880742447 975.59074489734996405 1323.6991690417871723 1677.5539529244908863 2763.1723648103256892 5311.7131527299743539 5868.5253300350887002 1324.0419343595083319 
60616.110823071292543 516.97074978646821819 928.22864305458813305 1385.2557875713539488 2951.7134522226997433 3993.0546501252629241 5016.7535154980623702 8297.3603714070668502 15919.210952248764443 17622.65376799407386 3984.9089331629488697 
100990.4375974440627 866.36958453879708486 1533.1892661666472577 2318.6662357232557952 4906.4032458576048157 6623.8591142979848883 8389.0400125645974185 13823.201034384012019 26548.423942778481432 29327.040909552008088 6654.2442515806769734 
141313.85364080235013 1206.7758703673828222 2153.1105872639463996 3228.5266902811404179 6876.1948761379862844 9286.0971743723093823 11738.683835995787376 19356.522046353577025 37134.851756590294826 41056.409593972071889 9276.6812094678516587 
181845.73148533233325 1561.0943955622969952 2767.3460366202239129 4167.6834981713082016 8835.0180162512933748 11945.472135910375073 15076.250222643744564 24945.955757100662595 47765.718085711363528 52832.152409613241616 11949.040927747824753 
222149.93250823250855 1908.537451737040783 3382.6501072611622476 5072.7250756153489419 10805.636315827356157 14617.388275543886266 18361.877582324079413 30474.397403959141229 58355.573552700399887 64548.193571973693906 14622.953171290415412 
262100.44004857598338 2248.8429242368852101 3991.7037515201268434 5978.8957623412952671 12728.791700231917275 17197.483635359629261 21701.117470229150058 35962.332255329281907 68908.249064049552544 76147.674363643207471 17235.349121634939365 
302302.5171694610035 2591.9106819442472442 4609.8104327000792182 6905.2492774812908465 14673.763088976140352 19853.471269051980926 25040.095243479489 41456.638509075877664 79483.708387694292469 87770.664823575236369 19917.205455482366233 
342318.6945121466415 2940.7852873871197517 5227.3928845705750064 7836.9458990445864401 16627.243122666146519 22470.907885833574255 28316.528427578592527 46938.12130740655266 89962.487729075917741 99443.699019894542289 22554.582948689028854 
382442.68162858852884 3276.4130214333586082 5822.9173801124297825 8727.5106824813465209 18592.276363829929323 25113.346208143069816 31738.394919720205507 52454.606493476298056 100513.53006449947134 111071.99226091839955 25131.694233974023518 
12736.615636047030421 109.20377701582725649 193.28203450622828541 291.79951460997551749 615.55614569988551921 835.19771258924447466 1058.46498735948785 1743.4438976417786762 3351.4644254870199802 3702.7891582536890382 835.41398288389370919 
38246.180317642167211 326.18649145920443289 585.67267969217618884 874.03731315184018058 1862.4052814808985659 2519.4471584073230588 3165.3574760503315701 5235.2804661381933329 10044.343068650889109 11119.142824147415013 2514.3075584638945656 
63720.658324375974189 546.64225239900770248 967.37702796604389732 1462.9794908278313414 3095.7311629553150851 4179.372556968382014 5293.1264090658460191 8721.8502168707964302 16750.923071069893922 18504.111853752925526 4198.5442824999354343 
89163.013831463365932 761.42409854977802297 1358.5209385122493586 2037.0626270832162845 4338.585659176336776 5859.1312137269796949 7406.6087808524725915 12213.139748739573406 23430.507452003857907 25904.843171303757117 5853.1901415151451147 
114736.89984304357495 984.98397430689954035 1746.0773065236844559 2629.6305126400911831 5574.519505968581143 7537.0833774361526594 9512.4708051982215693 15739.834000020626263 30138.130640549985401 33334.834587542420195 7539.3351328569133329 
140167.13149184855865 1204.2057223889983106 2134.3079289831439382 3200.6731429883484452 6817.8955952531687217 9222.9484895730838616 11585.561519013594079 19228.044860636156955 36819.877724430443777 40727.156807166007638 9226.4597014156224759 
165374.19764013960958 1418.9239596295776664 2518.5947990107647456 3772.4281931307441482 8031.3246096198554369 10850.878606308093367 13692.479451268514822 22690.697661136964598 43478.16584223247628 48045.934404826810351 10874.77011297581339 
190739.99346292112023 1635.3850810093888413 2908.5937491735321601 4356.9177470933673249 9258.5185921518623218 12526.693510634850099 15799.232000356934805 26157.370544761834026 50150.829573737646569 55379.545600344135892 12566.90706365756887 
215988.49445531057427 1855.5100756161994013 3298.2619330033076039 4944.7785732961128815 10491.081166703988856 14178.184367704587203 17866.521581562894426 29615.952375010419928 56762.492360369717062 62744.73225888027082 14230.979763163079042 
241305.01881625820533 2067.2768594239182676 3674.012487283302562 5506.6869641409493852 11730.933322363996922 15845.450234501682644 20025.573376610318519 33096.619218877305684 63419.750013826655049 70081.689283073646948 15857.027056156435719 
8036.2611793851319817 68.902925153113443457 121.95271922777871509 184.11304685891926169 388.38967106926224915 526.97413085124071586 667.84625764960298966 1100.0387319062531333 2114.6310940251237298 2336.3020144617948972 527.11058818204253384 
24131.708369730102277 205.80976245641059563 369.53447871317376894 551.4802620828874069 1175.0982907490729303 1589.6636886268511262 1997.205547419241384 3303.2386605235783463 6337.5520296439917729 7015.704829220038846 1586.4208202948548205 
40205.017364877930959 344.90794395434897979 610.37364067659586908 923.07765456171250662 1953.2743138028633894 2637.0058101381614506 3339.7369830621623805 5503.115451790788029 10569.117938514249545 11675.305277208395637 2649.1023511686539678 
56258.058432950783754 480.42612724419217329 857.16876378442748319 1285.2996257242705269 2737.4624863137460125 3696.8618715741813503 4673.2542079703507625 7705.9702236302036908 14783.650761739711015 16344.851056541661819 3693.1133084280372714 
72394.089638856588863 621.48287278422742475 1101.7003005813110121 1659.1846852194792064 3517.2840242389706873 4755.5781129529159443 6001.9633186932278477 9931.1638632120593684 19015.874876558540564 21032.858710042237362 4756.9988745736172859 
88439.481069502711762 759.80244480641420068 1346.6572631742235444 2019.4882268489996022 4301.801299724139426 5819.2870872586336191 7309.9951303487214318 12132.076124813000206 23231.772273092021351 25697.098707277851645 5821.5025121587095782 
104344.06458856498648 895.28049358719795237 1589.1258862054560268 2380.2412749799846097 5067.4232483441619479 6846.4415507130852347 8639.3704739219829207 14316.862340673891595 27432.86806268440705 30314.935185139034729 6861.5160723157814573 
120348.79976153398457 1031.8582279162085342 1835.1985881502189386 2749.0292518246542386 5841.7303047246296046 7903.8092725874248572 9968.6414677716911683 16504.185057507333113 31643.034251324210345 34942.131030512864527 7929.1823092147533316 
136279.52689979752176 1170.7477099670381904 2081.062590647873094 3119.944357649470021 6619.4247136697067617 8945.8295581974616653 11273.013012200970479 18686.402664788420225 35814.711445776083565 39589.249646183758159 8979.1412007167327829 
152253.17388204913004 1304.3635175274673657 2318.1451625633389995 3474.4845837780658258 7401.7185373529873686 9997.8032020542232203 12635.282599399284663 20882.554973614922346 40015.157056321710115 44218.556566734107037 10005.107682703026512 
5070.5380132941090778 43.474806681525969054 76.946963876097868251 116.16747913026109984 245.05731548139743836 332.49819821165675648 421.38250124762845417 694.07751710892875963 1334.2420196413381746 1474.1069149485401795 332.58429696673431408 
15226.078630735361003 129.8571811875962112 233.16049338273663238 347.96052169705973256 741.43689703424922754 1003.0099795925870012 1260.1515085807552623 2084.2026934282675938 3998.7249991292324012 4426.6104887015444547 1000.9638680013316616 
25367.650991323444032 217.62220040755943273 385.11973146201273721 582.422625671263404 1232.4327740784267462 1663.838183343615583 2107.2315780951948909 3472.2311118298357542 6668.6625879829271071 7366.619613702998322 1671.4705847496106799 
35496.435154466169479 303.12839346489892023 540.83692696879245432 810.96923870837201775 1727.2220609786686509 2332.5621493985227062 2948.6240651418615926 4862.1385089451541717 9327.8530263498741988 10312.903818559809224 2330.1969659502151444 
45677.582554594024259 392.12918305185792178 695.125896067814665 1046.8747629882877845 2219.2561877164284851 3000.5669376168998497 3786.9828372302067692 6266.1407787299385745 11998.205915081000057 13270.836678515352105 3001.4633775962374784 
55801.540122819766111 479.40293290461380593 849.68329069737308146 1274.2109288216590812 2714.2531245553877852 3671.7219273445871295 4612.2951156079743669 7654.8225347435663934 14658.257340998728978 16213.773161189445091 3673.1197659564345486 
65836.653905070736073 564.88380279869511469 1002.6706492049282815 1501.830714083520661 3197.3279161324271627 4319.8125799767849458 5451.0742522064037985 9033.3294437600816309 17308.969584306858451 19127.431002504501521 4329.323960096531664 
75934.959108916009427 651.0585273660490202 1157.9320277730621456 1734.5201966296565388 3685.8826402385229812 4986.9665099096901031 6289.7875485803633637 10413.436776694512446 19965.404862511328247 22046.994205491359025 5002.9758137214676026 
85986.568399713316467 738.69186613706995104 1313.0617258922536621 1968.5518068284720812 4176.5746393236022413 5644.4368622126921764 7112.7903544689888804 11790.323003262510611 22597.555227151264262 24979.127826719537552 5665.4550877169249361 
96065.258281298854854 822.99774125597502916 1462.6507158905706092 2192.2515664179782107 4670.1686729180619295 6308.1873590037066606 7972.3243556737679683 13176.001432113725969 25247.857235214618413 27900.023028093768517 6312.796174716682799 
3199.2931999539123353 27.430748575565274905 48.550251993075860923 73.296724146987500603 154.62071302158682329 209.7921801880749797 265.87438399762424979 437.93330705845374951 841.84980160678492211 930.09858453581705362 209.8465048299418072 
9607.0061396953587973 81.934342203808668614 147.11432574246254035 219.54824675391850519 467.81505565236233224 632.85651321086879761 795.10184949681945454 1315.0429968039604773 2523.0249067571326123 2793.0023989992846509 631.56550407474014719 
16005.905705185710758 137.31032566908950798 242.99412307019559876 367.48383325872038085 777.61251038287855408 1049.8109218072320346 1329.5732407197451721 2190.82972174165252 4207.6416377481018571 4648.0227492577305384 1054.6266415303655322 
22396.736463575260132 191.26108617715900095 341.24503123705608232 511.68699731055619395 1089.803444922702738 1471.7472196194976277 1860.4560100122937456 3067.8020020989083605 5885.4773752072269417 6507.0024072381147562 1470.2548897517449404 
28820.606190921324014 247.41678803158680466 438.59478946236129104 660.53332045841898434 1400.2559909227891239 1893.2297468938168095 2389.4246345708288572 3953.6675458864751818 7570.3561427060221831 8373.3318697063587024 1893.7953622826653373 
35208.39157379916287 302.48280148151008007 536.11391274760433134 803.97274395695103522 1712.5779437165272157 2316.6999169470277593 2910.1614781029607002 4829.8664989889211938 9248.7351265838151448 10230.199257788275645 2317.5818934855706175 
41540.120317404798698 356.41758415373629987 632.64241021057023318 947.59111921692658598 2017.3775313952976376 2725.6174741142726816 3439.3953347364931687 5699.6455576495782225 10921.221484602643613 12068.593072068309993 2731.6187492569697497 
47911.720152573492669 410.79015952806565792 730.60571733225344815 1094.4082572127058484 2325.6347227505316368 3146.56314610426125 3968.5876489968327405 6570.4344155355238399 12597.318833522027489 13910.712917666973226 3156.6643339243173614 
54253.856858447383274 466.08305824696208219 828.48593970755223381 1242.0722205081738139 2635.2404434509298881 3561.3988936678192658 4487.8673139000666197 7439.1908927022186617 14258.09343786781028 15760.764160978193104 3574.6604974176557334 
60613.080261971954315 519.2764693360649062 922.87021160036397305 1383.2172267796254346 2946.6772241389558076 3980.197144520484926 5030.1966047906662425 8313.4948744736630033 15930.320954945978883 17603.724440742207662 3983.1051106439431351 
0 
0 
0 
0 
0 
0 
0 
0 
0 
